#pTXRFPulse - created by: <save_pTXRFPulse_toINI><v2.0, 2014-07-23 (jp)>
#pTXRFPulse - adjusted by: <write_ini>
#-
#----------
[pTXPulse]

NUsedChannels    = 8
NMultiplePulses  = 1
DimRF            = 2
DimGradient      = 3
MaxAbsRF         = 67.0		 # scaling for RF amplitude
InitialPhase     = 0
Asymmetry        = 0.5

PulseName        = ./output/Ext_8c/pTXRFPulse		 #standard RF pulse parameters
Family           = pTX
Comment          = pTX
NominalFlipAngle = 8
Samples          = 10
AmplInt          = 100
AbsInt           = 100
PowerInt         = 100
MinSlice         = 1
MaxSlice         = 1
RefGrad          = 1


#----------
[Gradient]	 # Gx	 Gy	 Gz	 [mT/m]

GradientSamples   =  10
MaxAbsGradient[0] =  0.0	 0.0	 0.0		 # scaling for G amplitude
GradRasterTime    =  10   # [us]

G[0]= 0.0	 0.0	 0.0	 
G[1]= 0.0	 0.0	 0.0	 
G[2]= 0.0	 0.0	 0.0	 
G[3]= 0.0	 0.0	 0.0	 
G[4]= 0.0	 0.0	 0.0	 
G[5]= 0.0	 0.0	 0.0	 
G[6]= 0.0	 0.0	 0.0	 
G[7]= 0.0	 0.0	 0.0	 
G[8]= 0.0	 0.0	 0.0	 
G[9]= 0.0	 0.0	 0.0	 

#----------
[pTXPulse_ch0]	 # Amplitude	 Phase

RF[0]= 67.0	 0.0
RF[1]= 67.0	 0.0
RF[2]= 67.0	 0.0
RF[3]= 67.0	 0.0
RF[4]= 67.0	 0.0
RF[5]= 67.0	 0.0
RF[6]= 67.0	 0.0
RF[7]= 67.0	 0.0
RF[8]= 67.0	 0.0
RF[9]= 67.0	 0.0

#----------
[pTXPulse_ch1]	 # Amplitude	 Phase

RF[0]= 67.0	 5.4977875
RF[1]= 67.0	 5.4977875
RF[2]= 67.0	 5.4977875
RF[3]= 67.0	 5.4977875
RF[4]= 67.0	 5.4977875
RF[5]= 67.0	 5.4977875
RF[6]= 67.0	 5.4977875
RF[7]= 67.0	 5.4977875
RF[8]= 67.0	 5.4977875
RF[9]= 67.0	 5.4977875

#----------
[pTXPulse_ch2]	 # Amplitude	 Phase

RF[0]= 67.0	 4.712389
RF[1]= 67.0	 4.712389
RF[2]= 67.0	 4.712389
RF[3]= 67.0	 4.712389
RF[4]= 67.0	 4.712389
RF[5]= 67.0	 4.712389
RF[6]= 67.0	 4.712389
RF[7]= 67.0	 4.712389
RF[8]= 67.0	 4.712389
RF[9]= 67.0	 4.712389

#----------
[pTXPulse_ch3]	 # Amplitude	 Phase

RF[0]= 67.0	 3.926991
RF[1]= 67.0	 3.926991
RF[2]= 67.0	 3.926991
RF[3]= 67.0	 3.926991
RF[4]= 67.0	 3.926991
RF[5]= 67.0	 3.926991
RF[6]= 67.0	 3.926991
RF[7]= 67.0	 3.926991
RF[8]= 67.0	 3.926991
RF[9]= 67.0	 3.926991

#----------
[pTXPulse_ch4]	 # Amplitude	 Phase

RF[0]= 67.0	 3.1415927
RF[1]= 67.0	 3.1415927
RF[2]= 67.0	 3.1415927
RF[3]= 67.0	 3.1415927
RF[4]= 67.0	 3.1415927
RF[5]= 67.0	 3.1415927
RF[6]= 67.0	 3.1415927
RF[7]= 67.0	 3.1415927
RF[8]= 67.0	 3.1415927
RF[9]= 67.0	 3.1415927

#----------
[pTXPulse_ch5]	 # Amplitude	 Phase

RF[0]= 67.0	 2.3561945
RF[1]= 67.0	 2.3561945
RF[2]= 67.0	 2.3561945
RF[3]= 67.0	 2.3561945
RF[4]= 67.0	 2.3561945
RF[5]= 67.0	 2.3561945
RF[6]= 67.0	 2.3561945
RF[7]= 67.0	 2.3561945
RF[8]= 67.0	 2.3561945
RF[9]= 67.0	 2.3561945

#----------
[pTXPulse_ch6]	 # Amplitude	 Phase

RF[0]= 67.0	 1.5707963
RF[1]= 67.0	 1.5707963
RF[2]= 67.0	 1.5707963
RF[3]= 67.0	 1.5707963
RF[4]= 67.0	 1.5707963
RF[5]= 67.0	 1.5707963
RF[6]= 67.0	 1.5707963
RF[7]= 67.0	 1.5707963
RF[8]= 67.0	 1.5707963
RF[9]= 67.0	 1.5707963

#----------
[pTXPulse_ch7]	 # Amplitude	 Phase

RF[0]= 67.0	 0.7853982
RF[1]= 67.0	 0.7853982
RF[2]= 67.0	 0.7853982
RF[3]= 67.0	 0.7853982
RF[4]= 67.0	 0.7853982
RF[5]= 67.0	 0.7853982
RF[6]= 67.0	 0.7853982
RF[7]= 67.0	 0.7853982
RF[8]= 67.0	 0.7853982
RF[9]= 67.0	 0.7853982

#EOF
